5
100.0  0.0   0.0 0.0 0.0 0.0 0.0
1000000000000000000.0  100.0 0.0 0.0 0.0 0.0 0.0
1000000000000000000.0  -100.0 0.0 0.0 0.0 0.0 0.0
1000000000000000000.0  110.0 0.0 0.0 0.0 0.0 0.0
1000000000000000000.0  -110.0 0.0 0.0 0.0 0.0 0.0
1000000000000000000.0  120.0 0.0 0.0 0.0 0.0 0.0
1000000000000000000.0  -120.0 0.0 0.0 0.0 0.0 0.0
1000000000000000000.0  100.0 0.0 0.0 0.0 0.0 0.0
1000000000000000000.0  -100.0 0.0 0.0 0.0 0.0 0.0
1000000000000000000.0  110.0 0.0 0.0 0.0 0.0 0.0
1000000000000000000.0  -110.0 0.0 0.0 0.0 0.0 0.0
1000000000000000000.0  120.0 0.0 0.0 0.0 0.0 0.0
1000000000000000000.0  -120.0 0.0 0.0 0.0 0.0 0.0
1000000000000000000.0  100.0 0.0 0.0 0.0 0.0 0.0
1000000000000000000.0  -100.0 0.0 0.0 0.0 0.0 0.0
1000000000000000000.0  110.0 0.0 0.0 0.0 0.0 0.0
1000000000000000000.0  -110.0 0.0 0.0 0.0 0.0 0.0
1000000000000000000.0  120.0 0.0 0.0 0.0 0.0 0.0
1000000000000000000.0  -120.0 0.0 0.0 0.0 0.0 0.0
1000000000000000000.0  100.0 0.0 0.0 0.0 0.0 0.0
1000000000000000000.0  -100.0 0.0 0.0 0.0 0.0 0.0
1000000000000000000.0  110.0 0.0 0.0 0.0 0.0 0.0
1000000000000000000.0  -110.0 0.0 0.0 0.0 0.0 0.0
1000000000000000000.0  120.0 0.0 0.0 0.0 0.0 0.0
1000000000000000000.0  -120.0 0.0 0.0 0.0 0.0 0.0
1000000000000000000.0  100.0 0.0 0.0 0.0 0.0 0.0
1000000000000000000.0  -100.0 0.0 0.0 0.0 0.0 0.0
1000000000000000000.0  110.0 0.0 0.0 0.0 0.0 0.0
1000000000000000000.0  -110.0 0.0 0.0 0.0 0.0 0.0
1000000000000000000.0  120.0 0.0 0.0 0.0 0.0 0.0
1000000000000000000.0  -120.0 0.0 0.0 0.0 0.0 0.0
1000000000000000000.0  100.0 0.0 0.0 0.0 0.0 0.0
1000000000000000000.0  -100.0 0.0 0.0 0.0 0.0 0.0
1000000000000000000.0  110.0 0.0 0.0 0.0 0.0 0.0
1000000000000000000.0  -110.0 0.0 0.0 0.0 0.0 0.0
1000000000000000000.0  120.0 0.0 0.0 0.0 0.0 0.0
1000000000000000000.0  -120.0 0.0 0.0 0.0 0.0 0.0